msdrg_year,msdrg,msdrg_name
2007,1,CRANIOTOMY AGE >17 W CC
2007,2,CRANIOTOMY AGE >17 W/O CC
2007,3,CRANIOTOMY AGE 0_17
2007,6,CARPAL TUNNEL RELEASE
2007,7,PERIPHERAL/CRANIAL NERVE/OTHER NERVOUS SYSTEM PROCEDURES W CC
2007,8,PERIPHERAL/CRANIAL NERVE/OTHER NERVOUS SYSTEM PROC W/O CC
2007,9,SPINAL DISORDERS & INJURIES
2007,10,NERVOUS SYSTEM NEOPLASMS W CC
2007,11,NERVOUS SYSTEM NEOPLASMS W/O CC
2007,12,DEGENERATIVE NERVOUS SYSTEM DISORDERS
2007,13,MULTIPLE SCLEROSIS & CEREBELLAR ATAXIA
2007,14,INTRACRANIAL HEMORRHAGE OR CEREBRAL INFARCTION
2007,15,NONSPECIFIC CEREBROVASCULAR & PRECEREBRAL OCCLUSION W/O INFARCT
2007,16,NONSPECIFIC CEREBROVASCULAR DISORDERS W CC
2007,17,NONSPECIFIC CEREBROVASCULAR DISORDERS W/O CC
2007,18,CRANIAL & PERIPHERAL NERVE DISORDERS W CC
2007,19,CRANIAL & PERIPHERAL NERVE DISORDERS W/O CC
2007,21,VIRAL MENINGITIS
2007,22,HYPERTENSIVE ENCEPHALOPATHY
2007,23,NONTRAUMATIC STUPOR & COMA
2007,26,SEIZURE & HEADACHE AGE 0_17
2007,27,"TRAUMATIC STUPOR & COMA, COMA >1 HR"
2007,28,"TRAUMATIC STUPOR & COMA, COMA <1 HR AGE >17 W CC"
2007,29,"TRAUMATIC STUPOR & COMA, COMA <1 HR AGE >17 W/O CC"
2007,30,"TRAUMATIC STUPOR & COMA, COMA <1 HR AGE 0_17"
2007,31,CONCUSSION AGE >17 W CC
2007,32,CONCUSSION AGE >17 W/O CC
2007,33,CONCUSSION AGE 0_17
2007,34,OTHER DISORDERS OF NERVOUS SYSTEM W CC
2007,35,OTHER DISORDERS OF NERVOUS SYSTEM W/O CC
2007,36,RETINAL PROCEDURES
2007,37,ORBITAL PROCEDURES
2007,38,PRIMARY IRIS PROCEDURES
2007,39,LENS PROCEDURES W OR W/O VITRECTOMY
2007,40,EXTRAOCULAR PROCEDURES EXCEPT ORBIT AGE >17
2007,41,EXTRAOCULAR PROCEDURES EXCEPT ORBIT AGE 0_17
2007,42,"INTRAOCULAR PROCEDURES EXCEPT RETINA, IRIS & LENS"
2007,43,HYPHEMA
2007,44,ACUTE MAJOR EYE INFECTIONS
2007,45,NEUROLOGICAL EYE DISORDERS
2007,46,OTHER DISORDERS OF THE EYE AGE >17 W CC
2007,47,OTHER DISORDERS OF THE EYE AGE >17 W/O CC
2007,48,OTHER DISORDERS OF THE EYE AGE 0_17
2007,49,MAJOR HEAD & NECK PROCEDURES
2007,50,SIALOADENECTOMY
2007,51,SALIVARY GLAND PROCEDURES EXCEPT SIALOADENECTOMY
2007,52,CLEFT LIP & PALATE REPAIR
2007,53,SINUS & MASTOID PROCEDURES AGE >17
2007,54,SINUS & MASTOID PROCEDURES AGE 0_17
2007,55,"MISCELLANEOUS EAR, NOSE, MOUTH & THROAT PROCEDURES"
2007,56,RHINOPLASTY
2007,57,"T&A PROC, EXCEPT TONSILLECTOMY &/OR ADENOIDECTOMY ONLY, AGE >17"
2007,58,"T&A PROC, EXCEPT TONSILLECTOMY &/OR ADENOIDECTOMY ONLY, AGE 0_17"
2007,59,"TONSILLECTOMY &/OR ADENOIDECTOMY ONLY, AGE >17"
2007,60,"TONSILLECTOMY &/OR ADENOIDECTOMY ONLY, AGE 0_17"
2007,61,MYRINGOTOMY W TUBE INSERTION AGE >17
2007,62,MYRINGOTOMY W TUBE INSERTION AGE 0_17
2007,63,"OTHER EAR, NOSE, MOUTH & THROAT OPERATING ROOM PROCEDURES"
2007,64,"EAR, NOSE, MOUTH & THROAT MALIGNANCY"
2007,65,DYSEQUILIBRIUM
2007,66,EPISTAXIS
2007,67,EPIGLOTTITIS
2007,68,OTITIS MEDIA & UPPER RESPIRATORY INFECTION AGE >17 W CC
2007,69,OTITIS MEDIA & UPPER RESPIRATORY INFECTION AGE >17 W/O CC
2007,70,OTITIS MEDIA & UPPER RESPIRATORY INFECTION AGE 0_17
2007,71,LARYNGOTRACHEITIS
2007,72,NASAL TRAUMA & DEFORMITY
2007,73,"OTHER EAR, NOSE, MOUTH & THROAT DIAGNOSES AGE >17"
2007,74,"OTHER EAR, NOSE, MOUTH & THROAT DIAGNOSES AGE 0_17"
2007,75,MAJOR CHEST PROCEDURES
2007,76,OTHER RESPIRATORY SYSTEM OPERATING ROOM PROCEDURES W CC
2007,77,OTHER RESPIRATORY SYSTEM OPERATING ROOM PROCEDURES W/O CC
2007,78,PULMONARY EMBOLISM
2007,79,RESPIRATORY INFECTIONS & INFLAMMATIONS AGE >17 W CC
2007,80,RESPIRATORY INFECTIONS & INFLAMMATIONS AGE >17 W/O CC
2007,81,RESPIRATORY INFECTIONS & INFLAMMATIONS AGE 0_17
2007,82,RESPIRATORY NEOPLASMS
2007,83,MAJOR CHEST TRAUMA W CC
2007,84,MAJOR CHEST TRAUMA W/O CC
2007,85,PLEURAL EFFUSION W CC
2007,86,PLEURAL EFFUSION W/O CC
2007,87,PULMONARY EDEMA & RESPIRATORY FAILURE
2007,88,CHRONIC OBSTRUCTIVE PULMONARY DISEASE
2007,89,SIMPLE PNEUMONIA & PLEURISY AGE >17 W CC
2007,90,SIMPLE PNEUMONIA & PLEURISY AGE >17 W/O CC
2007,91,SIMPLE PNEUMONIA & PLEURISY AGE 0_17
2007,92,INTERSTITIAL LUNG DISEASE W CC
2007,93,INTERSTITIAL LUNG DISEASE W/O CC
2007,94,PNEUMOTHORAX W CC
2007,95,PNEUMOTHORAX W/O CC
2007,96,BRONCHITIS & ASTHMA AGE >17 W CC
2007,97,BRONCHITIS & ASTHMA AGE >17 W/O CC
2007,98,BRONCHITIS & ASTHMA AGE 0_17
2007,99,RESPIRATORY SIGNS & SYMPTOMS W CC
2007,100,RESPIRATORY SIGNS & SYMPTOMS W/O CC
2007,101,OTHER RESPIRATORY SYSTEM DIAGNOSES W CC
2007,102,OTHER RESPIRATORY SYSTEM DIAGNOSES W/O CC
2007,103,HEART TRANSPLANT OR IMPLANT OF HEART ASSIST SYSTEM
2007,104,CARDIAC VALVE & OTHER MAJOR CARDIOTHORACIC PROC W CARDIAC CATH
2007,105,CARDIAC VALVE & OTHER MAJOR CARDIOTHORACIC PROC W/O CARDIAC CATH
2007,106,CORONARY BYPASS W PTCA
2007,108,OTHER CARDIOTHORACIC PROCEDURES
2007,110,MAJOR CARDIOVASCULAR PROCEDURES W CC
2007,111,MAJOR CARDIOVASCULAR PROCEDURES W/O CC
2007,113,AMPUTATION FOR CIRCULATORY SYSTEM DISORDERS EXC UPPER LIMB & TOE
2007,114,UPPER LIMB & TOE AMPUTATION FOR CIRCULATORY SYSTEM DISORDERS
2007,117,CARDIAC PACEMAKER REVISION EXCEPT DEVICE REPLACEMENT
2007,118,CARDIAC PACEMAKER DEVICE REPLACEMENT
2007,119,VEIN LIGATION & STRIPPING
2007,120,OTHER CIRCULATORY SYSTEM OPERATING ROOM PROCEDURES
2007,121,"CIRCULATORY DISORDERS W AMI/MAJOR COMPLICATION, DISCHARGED ALIVE"
2007,122,"CIRCULATORY DISORDERS W AMI W/O MAJOR COMPL, DISCHARGED ALIVE"
2007,123,"CIRCULATORY DISORDERS W AMI, EXPIRED"
2007,124,"CIRCULATORY DISORDERS EX AMI, W CARD CATH & COMPLEX DIAG"
2007,125,"CIRCULATORY DISORDERS EX AMI, W CARD CATH W/O COMPLEX DIAG"
2007,126,ACUTE & SUBACUTE ENDOCARDITIS
2007,127,HEART FAILURE & SHOCK
2007,128,DEEP VEIN THROMBOPHLEBITIS
2007,129,"CARDIAC ARREST, UNEXPLAINED"
2007,130,PERIPHERAL VASCULAR DISORDERS W CC
2007,131,PERIPHERAL VASCULAR DISORDERS W/O CC
2007,132,ATHEROSCLEROSIS W CC
2007,133,ATHEROSCLEROSIS W/O CC
2007,134,HYPERTENSION
2007,135,CARDIAC CONGENITAL & VALVULAR DISORDERS AGE >17 W CC
2007,136,CARDIAC CONGENITAL & VALVULAR DISORDERS AGE >17 W/O CC
2007,137,CARDIAC CONGENITAL & VALVULAR DISORDERS AGE 0_17
2007,138,CARDIAC ARRHYTHMIA & CONDUCTION DISORDERS W CC
2007,139,CARDIAC ARRHYTHMIA & CONDUCTION DISORDERS W/O CC
2007,140,ANGINA PECTORIS
2007,141,SYNCOPE & COLLAPSE W CC
2007,142,SYNCOPE & COLLAPSE W/O CC
2007,143,CHEST PAIN
2007,144,OTHER CIRCULATORY SYSTEM DIAGNOSES W CC
2007,145,OTHER CIRCULATORY SYSTEM DIAGNOSES W/O CC
2007,146,RECTAL RESECTION W CC
2007,147,RECTAL RESECTION W/O CC
2007,149,MAJOR SMALL & LARGE BOWEL PROCEDURES W/O CC
2007,150,PERITONEAL ADHESIOLYSIS W CC
2007,151,PERITONEAL ADHESIOLYSIS W/O CC
2007,152,MINOR SMALL & LARGE BOWEL PROCEDURES W CC
2007,153,MINOR SMALL & LARGE BOWEL PROCEDURES W/O CC
2007,155,"STOMACH, ESOPHAGEAL & DUODENAL PROCEDURES AGE >17 W/O CC"
2007,156,"STOMACH, ESOPHAGEAL & DUODENAL PROCEDURES AGE 0_17"
2007,157,ANAL & STOMAL PROCEDURES W CC
2007,158,ANAL & STOMAL PROCEDURES W/O CC
2007,159,HERNIA PROCEDURES EXCEPT INGUINAL & FEMORAL AGE >17 W CC
2007,160,HERNIA PROCEDURES EXCEPT INGUINAL & FEMORAL AGE >17 W/O CC
2007,161,INGUINAL & FEMORAL HERNIA PROCEDURES AGE >17 W CC
2007,162,INGUINAL & FEMORAL HERNIA PROCEDURES AGE >17 W/O CC
2007,163,HERNIA PROCEDURES AGE 0_17
2007,164,APPENDECTOMY W COMPLICATED PRINCIPAL DIAGNOSES W CC
2007,165,APPENDECTOMY W COMPLICATED PRINCIPAL DIAGNOSES W/O CC
2007,166,APPENDECTOMY W/O COMPLICATED PRINCIPAL DIAGNOSES W CC
2007,167,APPENDECTOMY W/O COMPLICATED PRINCIPAL DIAGNOSES W/O CC
2007,168,MOUTH PROCEDURES W CC
2007,169,MOUTH PROCEDURES W/O CC
2007,170,OTHER DIGESTIVE SYSTEM OPERATING ROOM PROCEDURES W CC
2007,171,OTHER DIGESTIVE SYSTEM OPERATING ROOM PROCEDURES W/O CC
2007,172,DIGESTIVE MALIGNANCY W CC
2007,173,DIGESTIVE MALIGNANCY W/O CC
2007,174,GASTROINTESTINAL HEMORRHAGE W CC
2007,175,GASTROINTESTINAL HEMORRHAGE W/O CC
2007,176,COMPLICATED PEPTIC ULCER
2007,177,UNCOMPLICATED PEPTIC ULCER W CC
2007,178,UNCOMPLICATED PEPTIC ULCER W/O CC
2007,179,INFLAMMATORY BOWEL DISEASE
2007,180,GASTROINTESTINAL OBSTRUCTION W CC
2007,181,GASTROINTESTINAL OBSTRUCTION W/O CC
2007,182,"ESOPHAGITIS, GASTROENTERITIS & MISC DIGEST DISORDERS AGE >17 W CC"
2007,183,"ESOPHAGITIS, GASTROENTERITIS/MISC DIGEST DISORDERS AGE >17 W/O CC"
2007,184,"ESOPHAGITIS, GASTROENTERITIS & MISC DIGEST DISORDERS AGE 0_17"
2007,185,"DENTAL & ORAL DISEASE EXCEPT EXTRACTS & RESTORATION, AGE >17 W CC"
2007,186,"DENTAL & ORAL DISEASE EXCEPT EXTRACTS & RESTORATION, AGE 0_17"
2007,187,DENTAL EXTRACTIONS & RESTORATIONS
2007,188,OTHER DIGESTIVE SYSTEM DIAGNOSES AGE >17 W CC
2007,189,OTHER DIGESTIVE SYSTEM DIAGNOSES AGE >17 W/O CC
2007,190,OTHER DIGESTIVE SYSTEM DIAGNOSES AGE 0_17
2007,191,"PANCREAS, LIVER & SHUNT PROCEDURES W CC"
2007,192,"PANCREAS, LIVER & SHUNT PROCEDURES W/O CC"
2007,193,BILIARY TRACT PROC EXC ONLY CHOLECYSTECTOMY W OR W/O C.D.E. W CC
2007,194,BILIARY TRACT PROC EXC ONLY CHOLECYSTECTMY W OR W/O C.D.E. W/O CC
2007,195,CHOLECYSTECTOMY W COMMON DUCT EXPLORATION (C.D.E) W CC
2007,196,CHOLECYSTECTOMY W COMMON DUCT EXPLORATION W/O CC
2007,197,CHOLECYSTECTOMY EXCEPT BY LAPAROSCOPE W/O C.D.E. W CC
2007,198,CHOLECYSTECTOMY EXCEPT BY LAPAROSCOPE W/O C.D.E. W/O CC
2007,199,HEPATOBILIARY DIAGNOSTIC PROCEDURE FOR MALIGNANCY
2007,200,HEPATOBILIARY DIAGNOSTIC PROCEDURE FOR NON_MALIGNANCY
2007,201,OTHER HEPATOBILIARY OR PANCREAS OPERATING ROOM PROCEDURES
2007,202,CIRRHOSIS & ALCOHOLIC HEPATITIS
2007,203,MALIGNANCY OF HEPATOBILIARY SYSTEM OR PANCREAS
2007,204,DISORDERS OF PANCREAS EXCEPT MALIGNANCY
2007,205,"LIVER DISORDERS EXCEPT MALIGNANCY, CIRRHOSIS, ALCOHOLIC HEPA W CC"
2007,206,"LIVER DISORDERS EXC MALIGNANCY, CIRRHOSIS, ALCOHOLIC HEPA W/O CC"
2007,207,DISORDERS OF THE BILIARY TRACT W CC
2007,208,DISORDERS OF THE BILIARY TRACT W/O CC
2007,210,HIP & FEMUR PROCEDURES EXCEPT MAJOR JOINT AGE >17 W CC
2007,211,HIP & FEMUR PROCEDURES EXCEPT MAJOR JOINT AGE >17 W/O CC
2007,212,HIP & FEMUR PROCEDURES EXCEPT MAJOR JOINT AGE 0_17
2007,213,AMPUTATION FOR MUSCULOSKELETAL SYSTEM/CONNECTIVE TISSUE DISORDERS
2007,216,BIOPSIES OF MUSCULOSKELETAL SYSTEM & CONNECTIVE TISSUE
2007,217,"WND DEBRIDE/SKN GRFT EXCEPT HAND, MUSCULOSK/CONNECTIVE TISSUE DIS"
2007,218,"LOWER EXTREM & HUMERUS PROC EXCEPT HIP, FOOT, FEMUR AGE >17 W CC"
2007,219,"LOWER EXTREM & HUMERU PROC EXCEPT HIP, FOOT, FEMUR AGE >17 W/O CC"
2007,220,"LOWER EXTREMITY & HUMERUS PROC EXCEPT HIP, FOOT, FEMUR AGE 0_17"
2007,223,"MAJOR SHOULDER/ELBOW PROC, OR OTHER UPPER EXTREMITY PROC W CC"
2007,224,"SHOULDER, ELBOW OR FOREARM PROC, EXCEPT MAJOR JOINT PROC, W/O CC"
2007,225,FOOT PROCEDURES
2007,226,SOFT TISSUE PROCEDURES W CC
2007,227,SOFT TISSUE PROCEDURES W/O CC
2007,228,"MAJOR THUMB OR JOINT PROC, OR OTHER HAND OR WRIST PROC W CC"
2007,229,"HAND OR WRIST PROCEDURES, EXCEPT MAJOR JOINT PROCEDURES, W/O CC"
2007,230,LOCAL EXCISION/REMOVAL OF INTERNAL FIXATION DEVICES OF HIP/FEMUR
2007,232,ARTHROSCOPY
2007,233,OTHER MUSCULOSKELETAL SYSTEM & CONNECTIVE TISSUE O.R. PROC W CC
2007,234,OTHER MUSCULOSKELETAL SYSTEM & CONNECTIVE TISSUE O.R. PROC W/O CC
2007,235,FRACTURES OF FEMUR
2007,236,FRACTURES OF HIP & PELVIS
2007,237,"SPRAINS, STRAINS, & DISLOCATIONS OF HIP, PELVIS & THIGH"
2007,238,OSTEOMYELITIS
2007,239,PATHOLOGICAL FRACTURES/MUSCULOSKELETAL/CONNECTIVE TISSUE MALIG
2007,240,CONNECTIVE TISSUE DISORDERS W CC
2007,241,CONNECTIVE TISSUE DISORDERS W/O CC
2007,242,SEPTIC ARTHRITIS
2007,243,MEDICAL BACK PROBLEMS
2007,244,BONE DISEASES & SPECIFIC ARTHROPATHIES W CC
2007,245,BONE DISEASES & SPECIFIC ARTHROPATHIES W/O CC
2007,246,NON_SPECIFIC ARTHROPATHIES
2007,247,SIGNS & SYMPTOMS MUSCULOSKELETAL SYSTEM & CONNECTIVE TISSUE
2007,248,"TENDONITIS, MYOSITIS & BURSITIS"
2007,249,"AFTERCARE, MUSCULOSKELETAL SYSTEM & CONNECTIVE TISSUE"
2007,250,FRACTURE/SPRAIN/STRAIN/DISLOCA OF FOREARM/HAND/FOOT AGE >17 W CC
2007,251,"FRACTURE/SPRN/STRAIN/DISLO OF FOREARM, HAND, FOOT AGE >17 W/O CC"
2007,252,"FRACTURE/SPRAIN/STRAIN/DISLOCATE OF FOREARM, HAND, FOOT AGE 0_17"
2007,253,"FRACTURE/SPRN/STRN/DISL OF UPARM, LOW LEG EXCP FOOT AGE >17 W CC"
2007,254,FRACTU/SPRN/STRN/DISL OF UPARM/LOW LEG EXCP FOOT AGE >17 W /O CC
2007,255,"FRACTURE, SPRAIN, STRAIN/DISL OF UPARM, LOW LEG EXC FOOT AGE 0_17"
2007,256,OTHER MUSCULOSKELETAL SYSTEM & CONNECTIVE TISSUE DIAGNOSES
2007,257,TOTAL MASTECTOMY FOR MALIGNANCY W CC
2007,258,TOTAL MASTECTOMY FOR MALIGNANCY W/O CC
2007,259,SUBTOTAL MASTECTOMY FOR MALIGNANCY W CC
2007,260,SUBTOTAL MASTECTOMY FOR MALIGNANCY W/O CC
2007,261,BREAST PROCEDURE FOR NON_MALIGNANCY EXCEP BIOPSY & LOCAL EXCISION
2007,262,BREAST BIOPSY & LOCAL EXCISION FOR NON_MALIGNANCY
2007,263,SKIN GRAFT &/OR DEBRIDE FOR SKIN ULCER OR CELLULITIS W CC
2007,264,SKIN GRAFT &/OR DEBRIDE FOR SKIN ULCER OR CELLULITIS W/O CC
2007,265,SKIN GRAFT &/OR DEBRIDE EXCEPT FOR SKIN ULCER OR CELLULITIS W CC
2007,266,SKIN GRAFT &/OR DEBRIDE EXCPT FOR SKIN ULCER OR CELLULITIS W/O CC
2007,267,PERIANAL & PILONIDAL PROCEDURES
2007,268,"SKIN, SUBCUTANEOUS TISSUE & BREAST PLASTIC PROCEDURES"
2007,269,"OTHER SKIN, SUBCUTANEOUS TISSUE & BREAST PROCEDURES W CC"
2007,270,"OTHER SKIN, SUBCUTANEOUS TISSUE & BREAST PROCEDURES W/O CC"
2007,271,SKIN ULCERS
2007,272,MAJOR SKIN DISORDERS W CC
2007,273,MAJOR SKIN DISORDERS W/O CC
2007,274,MALIGNANT BREAST DISORDERS W CC
2007,275,MALIGNANT BREAST DISORDERS W/O CC
2007,276,NON_MALIGNANT BREAST DISORDERS
2007,277,CELLULITIS AGE >17 W CC
2007,278,CELLULITIS AGE >17 W/O CC
2007,279,CELLULITIS AGE 0_17
2007,280,"TRAUMA TO THE SKIN, SUBCUTANEOUS TISSUE & BREAST AGE >17 W CC"
2007,281,"TRAUMA TO THE SKIN, SUBCUTANEOUS TISSUE & BREAST AGE >17 W/O CC"
2007,282,"TRAUMA TO THE SKIN, SUBCUTANEOUS TISSUE & BREAST AGE 0_17"
2007,283,MINOR SKIN DISORDERS W CC
2007,284,MINOR SKIN DISORDERS W/O CC
2007,285,"AMPUTATE LOWER LIMB FOR ENDOCRINE, NUTRITIONAL, & METABOLIC DIS"
2007,286,ADRENAL & PITUITARY PROCEDURES
2007,287,SKN GRFTS/WOUND DEBRIDE FOR ENDOCRINE/NUTRITIONAL/METABOLIC DIS
2007,288,OPERATING ROOM PROCEDURES FOR OBESITY
2007,289,PARATHYROID PROCEDURES
2007,290,THYROID PROCEDURES
2007,291,THYROGLOSSAL PROCEDURES
2007,292,OTHER ENDOCRINE/NUTRITIONAL/METABOLIC OPERATING ROOM PROC W CC
2007,293,OTHER ENDOCRINE/NUTRITIONAL/METABOLIC OPERATING ROOM PROC W/O CC
2007,294,DIABETES AGE >35
2007,295,DIABETES AGE 0_35
2007,296,NUTRITIONAL & MISC METABOLIC DISORDERS AGE >17 W CC
2007,297,NUTRITIONAL & MISC METABOLIC DISORDERS AGE >17 W/O CC
2007,298,NUTRITIONAL & MISC METABOLIC DISORDERS AGE 0_17
2007,299,INBORN ERRORS OF METABOLISM
2007,300,ENDOCRINE DISORDERS W CC
2007,301,ENDOCRINE DISORDERS W/O CC
2007,302,KIDNEY TRANSPLANT
2007,303,"KIDNEY, URETER & MAJOR BLADDER PROCEDURES FOR NEOPLASM"
2007,304,"KIDNEY, URETER & MAJOR BLADDER PROCEDURES FOR NON_NEOPLASM W CC"
2007,305,"KIDNEY, URETER & MAJOR BLADDER PROCEDURES FOR NON_NEOPLASM W/O CC"
2007,306,PROSTATECTOMY W CC
2007,307,PROSTATECTOMY W/O CC
2007,308,MINOR BLADDER PROCEDURES W CC
2007,309,MINOR BLADDER PROCEDURES W/O CC
2007,310,TRANSURETHRAL PROCEDURES W CC
2007,311,TRANSURETHRAL PROCEDURES W/O CC
2007,312,"URETHRAL PROCEDURES, AGE >17 W CC"
2007,313,"URETHRAL PROCEDURES, AGE >17 W/O CC"
2007,314,"URETHRAL PROCEDURES, AGE 0_17"
2007,315,OTHER KIDNEY & URINARY TRACT OPERATING ROOM PROCEDURES
2007,316,RENAL FAILURE
2007,317,ADMIT FOR RENAL DIALYSIS
2007,318,KIDNEY & URINARY TRACT NEOPLASMS W CC
2007,319,KIDNEY & URINARY TRACT NEOPLASMS W/O CC
2007,320,KIDNEY & URINARY TRACT INFECTIONS AGE >17 W CC
2007,321,KIDNEY & URINARY TRACT INFECTIONS AGE >17 W/O CC
2007,322,KIDNEY & URINARY TRACT INFECTIONS AGE 0_17
2007,323,"URINARY STONES W CC, &/OR EXTRACORPOREAL SHOCK WAVE LITHOTRIPSY"
2007,324,URINARY STONES W/O CC
2007,325,KIDNEY & URINARY TRACT SIGNS & SYMPTOMS AGE >17 W CC
2007,326,KIDNEY & URINARY TRACT SIGNS & SYMPTOMS AGE >17 W/O CC
2007,327,KIDNEY & URINARY TRACT SIGNS & SYMPTOMS AGE 0_17
2007,328,URETHRAL STRICTURE AGE >17 W CC
2007,329,URETHRAL STRICTURE AGE >17 W/O CC
2007,330,URETHRAL STRICTURE AGE 0_17
2007,331,OTHER KIDNEY & URINARY TRACT DIAGNOSES AGE >17 W CC
2007,332,OTHER KIDNEY & URINARY TRACT DIAGNOSES AGE >17 W/O CC
2007,333,OTHER KIDNEY & URINARY TRACT DIAGNOSES AGE 0_17
2007,334,MAJOR MALE PELVIC PROCEDURES W CC
2007,335,MAJOR MALE PELVIC PROCEDURES W/O CC
2007,336,TRANSURETHRAL PROSTATECTOMY W CC
2007,337,TRANSURETHRAL PROSTATECTOMY W/O CC
2007,338,"TESTES PROCEDURES, FOR MALIGNANCY"
2007,339,"TESTES PROCEDURES, NON_MALIGNANCY AGE >17"
2007,340,"TESTES PROCEDURES, NON_MALIGNANCY AGE 0_17"
2007,341,PENIS PROCEDURES
2007,342,CIRCUMCISION AGE >17
2007,343,CIRCUMCISION AGE 0_17
2007,344,OTHER MALE REPRODUCTIVE SYSTEM OPERATING ROOM PROC FOR MALIGNANCY
2007,345,OTHER MALE REPRODUCTIVE SYSTEM OPERATE RM PROC EXC FOR MALIGNANCY
2007,346,"MALIGNANCY, MALE REPRODUCTIVE SYSTEM W CC"
2007,347,"MALIGNANCY, MALE REPRODUCTIVE SYSTEM W/O CC"
2007,348,BENIGN PROSTATIC HYPERTROPHY W CC
2007,349,BENIGN PROSTATIC HYPERTROPHY W/O CC
2007,350,INFLAMMATION OF MALE REPRODUCTIVE SYSTEM
2007,352,OTHER MALE REPRODUCTIVE SYSTEM DIAGNOSES
2007,353,"PELVIC EVISCERATION, RADICAL HYSTERECTOMY & RADICAL VULVECTOMY"
2007,354,"UTERINE, ADNEXA PROC FOR NON_OVARIAN/ADNEXAL MALIGNANCY W CC"
2007,355,"UTERINE, ADNEXA PROC FOR NON_OVARIAN/ADNEXAL MALIGNANCY W/O CC"
2007,356,FEMALE REPRODUCTIVE SYSTEM RECONSTRUCTIVE PROCEDURES
2007,357,UTERINE & ADNEXA PROC FOR OVARIAN OR ADNEXAL MALIGNANCY
2007,358,UTERINE & ADNEXA PROC FOR NON_MALIGNANCY W CC
2007,359,UTERINE & ADNEXA PROC FOR NON_MALIGNANCY W/O CC
2007,360,"VAGINA, CERVIX & VULVA PROCEDURES"
2007,361,LAPAROSCOPY & INCISIONAL TUBAL INTERRUPTION
2007,362,ENDOSCOPIC TUBAL INTERRUPTION
2007,363,"DILATION & CURETTAGE, CONIZATION & RADIO_IMPLANT, FOR MALIGNANCY"
2007,364,"DILATION & CURETTAGE, CONIZATION EXCEPT FOR MALIGNANCY"
2007,365,OTHER FEMALE REPRODUCTIVE SYSTEM OPERATING ROOM PROCEDURES
2007,366,"MALIGNANCY, FEMALE REPRODUCTIVE SYSTEM W CC"
2007,367,"MALIGNANCY, FEMALE REPRODUCTIVE SYSTEM W/O CC"
2007,368,"INFECTIONS, FEMALE REPRODUCTIVE SYSTEM"
2007,369,MENSTRUAL & OTHER FEMALE REPRODUCTIVE SYSTEM DISORDERS
2007,370,CESAREAN SECTION W CC
2007,371,CESAREAN SECTION W/O CC
2007,372,VAGINAL DELIVERY W COMPLICATING DIAGNOSES
2007,373,VAGINAL DELIVERY W/O COMPLICATING DIAGNOSES
2007,374,VAGINAL DELIVERY W STERILIZATION &/OR DILATION & CURETTAGE
2007,375,VAGINAL DELIVERY W OPERATION EXC STERILIZATION/DILATION/CURETTAGE
2007,376,POSTPARTUM & POST ABORTION DIAGNOSES W/O OPERATING ROOM PROCEDURE
2007,377,POSTPARTUM & POST ABORTION DIAGNOSES W OPERATING ROOM PROCEDURE
2007,378,ECTOPIC PREGNANCY
2007,379,THREATENED ABORTION
2007,380,ABORTION W/O DILATION & CURETTAGE
2007,381,ABORTION W DILATION/CURETTAGE ASPIRATION CURETTAGE OR HYSTEROTOMY
2007,382,FALSE LABOR
2007,383,OTHER ANTEPARTUM DIAGNOSES W MEDICAL COMPLICATIONS
2007,384,OTHER ANTEPARTUM DIAGNOSES W/O MEDICAL COMPLICATIONS
2007,385,"NEONATES, DIED OR TRANSFERRED TO ANOTHER ACUTE CARE FACILITY"
2007,386,"EXTREME IMMATURITY OR RESPIRATORY DISTRESS SYNDROME, NEONATE"
2007,387,PREMATURITY W MAJOR PROBLEMS
2007,388,PREMATURITY W/O MAJOR PROBLEMS
2007,389,FULL TERM NEONATE W MAJOR PROBLEMS
2007,390,NEONATE W OTHER SIGNIFICANT PROBLEMS
2007,391,NORMAL NEWBORN
2007,392,SPLENECTOMY AGE >17
2007,393,SPLENECTOMY AGE 0_17
2007,394,OTHER OPERATING ROOM PROCEDURES OF BLOOD & BLOOD FORMING ORGANS
2007,395,RED BLOOD CELL DISORDERS AGE >17
2007,396,RED BLOOD CELL DISORDERS AGE 0_17
2007,397,COAGULATION DISORDERS
2007,398,RETICULOENDOTHELIAL & IMMUNITY DISORDERS W CC
2007,399,RETICULOENDOTHELIAL & IMMUNITY DISORDERS W/O CC
2007,401,LYMPHOMA & NON_ACUTE LEUKEMIA W OTHER O.R. PROCEDURE W CC
2007,402,LYMPHOMA & NON_ACUTE LEUKEMIA W OTHER O.R. PROCEDURE W/O CC
2007,403,LYMPHOMA & NON_ACUTE LEUKEMIA W CC
2007,404,LYMPHOMA & NON_ACUTE LEUKEMIA W/O CC
2007,405,ACUTE LEUKEMIA W/O MAJOR OPERATING ROOM PROCEDURE 0_17
2007,406,MYELOPROLIFERA DISORD/POORLY DIFF NEOPLASM W MAJOR O.R. PROC W CC
2007,407,MYELOPROLIF DISORD/POORLY DIFF NEOPLASM W MAJOR O.R. PROC W/O CC
2007,408,MYELOPROLIFERATIVE DISORD/POORLY DIFF NEOPLASM W OTHER O.R. PROC
2007,409,RADIOTHERAPY
2007,410,CHEMOTHERAPY W/O ACUTE LEUKEMIA AS SECONDARY DIAGNOSIS
2007,411,HISTORY OF MALIGNANCY W/O ENDOSCOPY
2007,412,HISTORY OF MALIGNANCY W ENDOSCOPY
2007,413,OTHER MYELOPROLIF DISORDER OR POORLY DIFF NEOPLASM DIAG W CC
2007,414,OTHER MYELOPROLIF DISORDER OR POORLY DIFF NEOPLASM DIAG W/O CC
2007,417,SEPTICEMIA AGE 0_17
2007,418,POSTOPERATIVE & POST_TRAUMATIC INFECTIONS
2007,419,FEVER OF UNKNOWN ORIGIN AGE >17 W CC
2007,420,FEVER OF UNKNOWN ORIGIN AGE >17 W/O CC
2007,421,VIRAL ILLNESS AGE >17
2007,422,VIRAL ILLNESS & FEVER OF UNKNOWN ORIGIN AGE 0_17
2007,423,OTHER INFECTIOUS & PARASITIC DISEASES DIAGNOSES
2007,424,OPERATING ROOM PROCEDURE W PRINCIPAL DIAGNOSES OF MENTAL ILLNESS
2007,425,ACUTE ADJUSTMENT REACTION & PSYCHOSOCIAL DYSFUNCTION
2007,426,DEPRESSIVE NEUROSES
2007,427,NEUROSIS EXCEPT DEPRESSIVE
2007,428,DISORDERS OF PERSONALITY & IMPULSE CONTROL
2007,429,ORGANIC DISTURBANCES & MENTAL RETARDATION
2007,430,PSYCHOSES
2007,431,CHILDHOOD MENTAL DISORDERS
2007,432,OTHER MENTAL DISORDER DIAGNOSES
2007,433,"ALCOHOL/DRUG ABUSE OR DEPENDENCE, LEFT AGAINST MEDICAL ADVICE"
2007,439,SKIN GRAFTS FOR INJURIES
2007,440,WOUND DEBRIDEMENTS FOR INJURIES
2007,441,HAND PROCEDURES FOR INJURIES
2007,442,OTHER OPERATING ROOM PROCEDURES FOR INJURIES W CC
2007,443,OTHER OPERATING ROOM PROCEDURES FOR INJURIES W/O CC
2007,444,TRAUMATIC INJURY AGE >17 W CC
2007,445,TRAUMATIC INJURY AGE >17 W/O CC
2007,446,TRAUMATIC INJURY AGE 0_17
2007,447,ALLERGIC REACTIONS AGE >17
2007,448,ALLERGIC REACTIONS AGE 0_17
2007,449,POISONING & TOXIC EFFECTS OF DRUGS AGE >17 W CC
2007,450,POISONING & TOXIC EFFECTS OF DRUGS AGE >17 W/O CC
2007,451,POISONING & TOXIC EFFECTS OF DRUGS AGE 0_17
2007,452,COMPLICATIONS OF TREATMENT W CC
2007,453,COMPLICATIONS OF TREATMENT W/O CC
2007,454,"OTHER INJURY, POISONING & TOXIC EFFECTS DIAGNOSIS W CC"
2007,455,"OTHER INJURY, POISONING & TOXIC EFFECTS DIAGNOSIS W/O CC"
2007,461,O.R. PROCEDURE W DIAGNOSES OF OTHER CONTACT W HEALTH SERVICES
2007,462,REHABILITATION
2007,463,SIGNS & SYMPTOMS W CC
2007,464,SIGNS & SYMPTOMS W/O CC
2007,465,AFTERCARE W HISTORY OF MALIGNANCY AS SECONDARY DIAGNOSIS
2007,466,AFTERCARE W/O HISTORY OF MALIGNANCY AS SECONDARY DIAGNOSIS
2007,467,OTHER FACTORS INFLUENCING HEALTH STATUS
2007,468,EXTENSIVE OPERATING RM PROCEDURE UNRELATED TO PRINCIPAL DIAGNOSIS
2007,469,PRINCIPAL DIAGNOSIS INVALID AS DISCHARGE DIAGNOSIS
2007,470,UNGROUPABLE
2007,471,BILATERAL OR MULTIPLE MAJOR JOINT PROCEDURES OF LOWER EXTREMITY
2007,473,ACUTE LEUKEMIA W/O MAJOR OPERATING ROOM PROCEDURE AGE >17
2007,476,PROSTATIC OPERATING RM PROCEDURE UNRELATED TO PRINCIPAL DIAGNOSIS
2007,477,NON_EXTENSIVE O.R. PROCEDURE UNRELATED TO PRINCIPAL DIAGNOSIS
2007,479,OTHER VASCULAR PROCEDURES W/O CC
2007,480,LIVER TRANSPLANT AND/OR INTESTINAL TRANSPLANT
2007,481,BONE MARROW TRANSPLANT
2007,482,"TRACHEOSTOMY FOR FACE, MOUTH & NECK DIAGNOSES"
2007,484,CRANIOTOMY  FOR MULTIPLE SIGNIFICANT TRAUMA
2007,485,"LIMB REATTACH, HIP & FEMUR PROC FOR MULTIPLE SIGNIFICANT TRAUMA"
2007,486,OTHER OPERATING ROOM PROCEDURES FOR MULTIPLE SIGNIFICANT TRAUMA
2007,487,OTHER MULTIPLE SIGNIFICANT TRAUMA
2007,488,HIV W EXTENSIVE OPERATING ROOM PROCEDURE
2007,489,HIV W MAJOR RELATED CONDITION
2007,490,HIV W OR W/O OTHER RELATED CONDITION
2007,491,MAJOR JOINT & LIMB REATTACHMENT PROCEDURES OF UPPER EXTREMITY
2007,492,CHEMOTHERAPY W ACUTE LEUKEMIA AS 2ND DX OR W USE OF HI DOSE CHEMO
2007,493,LAPAROSCOPIC CHOLECYSTECTOMY W/O COMMON DUCT EXPLORATION W CC
2007,494,LAPAROSCOPIC CHOLECYSTECTOMY W/O COMMON DUCT EXPLORATION W/O CC
2007,495,LUNG TRANSPLANT
2007,496,COMBINED ANTERIOR/POSTERIOR SPINAL FUSION
2007,497,SPINAL FUSION EXCEPT CERVICAL W CC
2007,498,SPINAL FUSION EXCEPT CERVICAL W/O CC
2007,499,BACK & NECK PROCEDURES EX SPINAL FUSION W CC
2007,500,BACK & NECK PROCEDURES EX SPINAL FUSION W/O CC
2007,501,KNEE PROCEDURES W PRINCIPAL DIAGNOSIS OF INFECTION W CC
2007,502,KNEE PROCEDURES W PRINCIPAL DIAGNOSIS OF INFECTION W/O CC
2007,503,KNEE PROCEDURES W/O PRINCIPAL DIAGNOSIS OF INFECTION
2007,504,EXTENSIVE OR FULL THICK BURNS W MECH VENT 96+ HRS W SKIN GRAFT
2007,505,EXTENSIVE OR FULL THICK BURNS W MECH VENT 96+ HRS W/O SKIN GRAFT
2007,506,FULL THICKNESS BURN W SKIN GRFT/INHALATION INJURY W CC/SIG TRAUMA
2007,507,FULL THICKNESS BURN W SKIN GRAFT/INHAL INJURY W/O CC/SIG TRAUMA
2007,508,FULL THICKNESS BURN W/O SKIN GRAFT/INHAL INJURY W CC/SIG TRAUMA
2007,509,FULL THICKNESS BURN W/O SKIN GRAFT/INHAL INJURY W/O CC/SIG TRAUMA
2007,510,NON_ENTENSIVE BURNS W CC OR SIGNIFICANT TRAUMA
2007,511,NON_ENTENSIVE BURNS W/O CC OR SIGNIFICANT TRAUMA
2007,512,SIMULTANEOUS PANCREAS/KIDNEY TRANSPLANT
2007,513,PANCREAS TRANSPLANT
2007,515,CARDIAC DEFIBRILLATOR IMPLANT W/O CARDIAC CATHETERIZATION
2007,518,PERCUTANEOUS CARDIOVASCULAR PROC W/O CORONARY ARTERY STENT OR AMI
2007,519,CERVICAL SPINAL FUSION W CC
2007,520,CERVICAL SPINAL FUSION W/O CC
2007,521,ALCOHOL/DRUG ABUSE OR DEPENDENCE W CC
2007,522,ALCOHOL/DRUG ABUSE OR DEPENDENCE W REHAB THERAPY W/O CC
2007,523,ALCOHOL/DRUG ABUSE OR DEPENDENCE W/O REHAB THERAPY W/O CC
2007,524,TRANSIENT ISCHEMIA
2007,525,OTHER HEART ASSIST SYSTEM IMPLANT
2007,528,INTRACRANIAL VASCULAR PROCEDURES W PRINCIPAL DIAGNOSIS HEMORRHAGE
2007,529,VENTRICULAR SHUNT PROCEDURES W CC
2007,530,VENTRICULAR SHUNT PROCEDURES W/O CC
2007,531,SPINAL PROCEDURES W CC
2007,532,SPINAL PROCEDURES W/O CC
2007,533,EXTRACRANIAL PROCEDURES W CC
2007,534,EXTRACRANIAL PROCEDURES W/O CC
2007,535,CARDIAC DEFIB IMPLANT W CARDIAC CATH W AMI/HEART FAILURE/SHOCK
2007,536,CARDIAC DEFIB IMPLANT W CARDIAC CATH W/O AMI/HEART FAILURE/SHOCK
2007,537,LOCAL EXCIS & REMOVAL OF INTERNL FIX DEVICE EXCEPT HIP/FEMUR W CC
2007,538,LOCAL EXCIS & REMOVAL OF INTRNL FIX DEVICE EXCEP HIP/FEMUR W/O CC
2007,539,LYMPHOMA & LEUKEMIA W MAJOR OPERATING ROOM PROC W CC
2007,540,LYMPHOMA & LEUKEMIA W MAJOR OPERATING ROOM PROCEDURE W/O CC
2007,541,ECMO OR TRACH W MECH VENT 96+HRS OR PDX EXC HEAD DX W MAJOR OR
2007,542,TRACH W MECH VENT 96+HRS OR PDX EX FACE/MOUTH/NECK DX WO MAJOR OR
2007,543,CRANIOTOMY W IMPLANT OF CHEMO AGENT OR ACUTE COMPLEX CNS PRINCDX
2007,544,MAJOR JOINT REPLACEMENT OR REATTACHMENT OF LOWER EXTREMITY
2007,545,REVISION OF HIP OR KNEE REPLACEMENT
2007,546,SPINAL FUSION EXCEPT CERVICAL W CURVATURE OF SPINE OR MALIGNANCY
2007,547,CORONARY BYPASS W CARDIAC CATH W MAJOR CARDIOVASCULAR DX
2007,548,CORONARY BYPASS W CARDIAC CATH W/O MAJOR CARDIOVASCULAR DX
2007,549,CORONARY BYPASS W/O CARDIAC CATH W MAJOR CARDIOVASCULAR DX
2007,550,CORONARY BYPASS W/O CARDIAC CATH W/O MAJOR CARDIOVASCULAR DX
2007,551,PERM CARDIAC PACEMAKER IMPL W MAJOR CV DX OR AICD LEAD/GENERATOR
2007,552,OTHER PERMANENT CARDIAC PACEMAKER IMPLANT W/O MAJOR CARDIOVASC DX
2007,553,OTHER VASCULAR PROCEDURES W CC W MAJOR CARDIOVASCULAR DX
2007,554,OTHER VASCULAR PROCEDURES W CC W/O MAJOR CARDIOVASCULAR DX
2007,555,PERCUTANEOUS CARDIOVASCULAR PROCEDURE W MAJOR CARDIOVASCULAR DX
2007,556,PERC CARDIOVAS DX W NON_DRUG_ELUTING STENT W/O MAJOR CARDIOVAS DX
2007,557,PERC CARDIOVAS DX W DRUG_ELUTING STENT W MAJOR CARDIOVASCULAR DX
2007,558,PERC CARDIOVAS DX W DRUG_ELUTING STENT W/O MAJOR CARDIOVASC DX
2007,559,ACUTE ISCHEMIC STROKE W USE OF THROMBOLYTIC AGENT
2007,560,BACTERIAL & TUBERCULOUS INFECTIONS OF NERVOUS SYSTEM
2007,561,NON_BACTERIAL INFECTIONS OF NERVOUS SYSTEM EXC. VIRAL MENINGITIS
2007,562,SEIZURE AGE > 17 W CC
2007,563,SEIZURE AGE > 17 W/O CC
2007,564,HEADACHES AGE > 17
2007,565,RESPIRATORY SYSTEM DIAGNOSIS W VENTILATOR SUPPORT 96+ HOURS
2007,566,RESPIRATORY SYSTEM DIAGNOSIS W VENTILATOR SUPPORT < 96 HOURS
2007,567,"STOMACH, ESOPHAGEAL & DUODENAL PROC AGE > 17 W CC, W MAJOR GI DX"
2007,568,"STOMACH, ESOPHAGEAL & DUODENAL PROC AGE > 17 W CC W/O MAJOR GI DX"
2007,569,"MAJOR SMALL & LARGE BOWEL PROCEDURES W CC, W MAJOR GI DX"
2007,570,"MAJOR SMALL & LARGE BOWEL PROCEDURES W CC, W/O MAJOR GI DX"
2007,571,MAJOR ESOPHAGEAL DISORDERS
2007,572,MAJOR GASTROINTESTINAL DISORDERS AND PERITONEAL INFECTIONS
2007,573,MAJOR BLADDER PROCEDURES
2007,574,MAJOR HEMATOLOGY/IMMUNE DX EXC. SICKLE CELL CRISIS & COAGULOPATHY
2007,575,SEPTICEMIA W MECHANICAL VENTILATION  96+ HOURS AGE > 17
2007,576,SEPTICEMIA W/O MECHANICAL VENTILATION  96+ HOURS AGE > 17
2007,577,CAROTID ARTERY STENT PROCEDURE
2007,578,INFECTIOUS & PARASITIC DISEASES W OR PROCEDURE
2007,579,POSTOPERATIVE & POST_TRAUMATIC INFECTIONS W OR PROCEDURE